# Undirected graph (each unordered pair of nodes is saved once): mygraph.txt
# Nodes: 100 Edges: 1000
# NodeId	NodeId
0	3
0	6
0	7
0	17
0	28
0	33
0	37
0	39
0	49
0	50
0	54
0	56
0	60
0	66
0	69
0	75
0	77
0	80
0	84
0	85
0	86
0	93
0	95
1	9
1	17
1	21
1	26
1	38
1	39
1	41
1	57
1	58
1	60
1	70
1	72
1	76
1	77
1	82
1	94
1	97
2	3
2	7
2	10
2	12
2	13
2	16
2	19
2	32
2	33
2	37
2	39
2	43
2	48
2	57
2	59
2	60
2	90
2	92
2	94
2	99
3	13
3	18
3	21
3	31
3	42
3	50
3	54
3	58
3	59
3	75
3	88
3	89
3	90
3	91
3	92
3	95
3	96
3	97
4	8
4	9
4	10
4	14
4	17
4	21
4	23
4	28
4	31
4	37
4	40
4	41
4	45
4	47
4	53
4	54
4	55
4	56
4	59
4	71
4	72
4	79
4	80
4	81
4	88
4	97
5	9
5	10
5	12
5	13
5	15
5	20
5	25
5	30
5	35
5	39
5	46
5	47
5	52
5	53
5	57
5	60
5	86
5	88
5	96
5	98
6	7
6	8
6	12
6	20
6	22
6	23
6	27
6	28
6	34
6	39
6	40
6	41
6	43
6	44
6	56
6	60
6	65
6	67
6	68
6	69
6	71
6	79
6	83
6	85
6	88
6	91
6	96
7	9
7	13
7	18
7	25
7	28
7	41
7	76
7	79
7	82
7	84
7	85
7	88
7	96
7	98
8	12
8	14
8	15
8	19
8	25
8	31
8	37
8	40
8	41
8	43
8	63
8	70
8	81
8	84
8	85
8	90
8	93
8	94
8	96
9	14
9	16
9	18
9	19
9	28
9	35
9	40
9	77
9	88
9	97
10	12
10	22
10	30
10	42
10	44
10	56
10	57
10	68
10	69
10	83
10	85
10	87
10	91
10	95
11	23
11	25
11	30
11	35
11	38
11	40
11	42
11	43
11	45
11	47
11	49
11	56
11	57
11	59
11	65
11	66
11	70
11	75
11	76
11	83
11	90
11	97
12	24
12	36
12	40
12	41
12	48
12	51
12	56
12	72
12	77
12	95
13	25
13	26
13	33
13	37
13	54
13	55
13	59
13	68
13	71
13	73
13	80
13	87
13	96
13	97
14	15
14	16
14	26
14	29
14	35
14	37
14	38
14	41
14	42
14	50
14	51
14	55
14	57
14	58
14	63
14	68
14	70
14	71
14	84
14	90
14	95
15	19
15	22
15	24
15	36
15	43
15	47
15	48
15	52
15	57
15	60
15	67
15	72
15	75
15	79
15	81
15	99
16	23
16	24
16	27
16	29
16	41
16	46
16	50
16	53
16	61
16	74
16	75
16	77
16	78
16	82
16	85
16	87
16	90
16	91
16	97
17	18
17	23
17	24
17	32
17	33
17	35
17	42
17	52
17	60
17	61
17	67
17	68
17	69
17	72
17	78
18	20
18	25
18	28
18	35
18	45
18	47
18	52
18	62
18	64
18	74
18	77
18	84
18	91
18	92
18	94
18	97
19	30
19	32
19	38
19	42
19	50
19	53
19	57
19	58
19	62
19	68
19	72
19	82
19	86
19	88
19	94
19	97
19	98
20	25
20	35
20	38
20	42
20	44
20	57
20	60
20	63
20	64
20	66
20	70
20	72
20	86
20	91
20	94
20	97
20	98
21	22
21	24
21	25
21	30
21	39
21	44
21	45
21	47
21	54
21	57
21	61
21	63
21	68
21	69
21	71
21	81
21	82
21	84
21	94
21	98
22	30
22	51
22	69
22	75
22	81
22	84
22	93
23	24
23	29
23	40
23	43
23	52
23	55
23	56
23	63
23	65
23	71
23	77
23	86
23	92
23	95
23	96
23	98
23	99
24	28
24	29
24	31
24	35
24	40
24	43
24	50
24	55
24	61
24	76
24	84
24	85
24	89
25	29
25	30
25	31
25	40
25	41
25	44
25	45
25	46
25	48
25	50
25	58
25	60
25	61
25	64
25	88
25	89
25	91
25	97
25	98
25	99
26	44
26	53
26	56
26	64
26	72
26	77
26	83
26	87
26	93
27	29
27	31
27	32
27	42
27	57
27	61
27	64
27	65
27	67
27	72
27	74
27	75
27	76
27	78
27	89
27	90
27	94
27	96
27	97
27	98
28	40
28	46
28	51
28	56
28	59
28	61
28	67
28	70
28	73
28	74
28	76
28	79
28	81
28	84
28	95
28	97
28	98
29	31
29	34
29	35
29	36
29	38
29	43
29	47
29	48
29	54
29	59
29	63
29	65
29	73
29	76
29	85
29	89
29	93
29	96
30	32
30	34
30	45
30	46
30	59
30	75
30	82
30	99
31	34
31	45
31	46
31	52
31	57
31	64
31	73
31	74
31	77
31	79
31	81
31	84
31	92
31	94
32	38
32	39
32	43
32	59
32	63
32	65
32	66
32	79
32	80
32	83
32	85
32	90
32	91
32	94
32	95
32	97
33	34
33	35
33	38
33	41
33	51
33	54
33	57
33	60
33	61
33	64
33	65
33	69
33	70
33	75
33	76
33	77
33	78
33	81
33	83
33	92
33	95
34	37
34	41
34	43
34	44
34	46
34	48
34	49
34	51
34	55
34	61
34	63
34	74
34	76
34	83
34	84
34	88
34	97
35	41
35	42
35	48
35	51
35	56
35	60
35	61
35	63
35	65
35	68
35	80
35	88
35	91
35	92
35	94
35	95
36	37
36	45
36	61
36	62
36	72
36	73
36	74
36	90
36	94
36	96
36	99
37	42
37	64
37	66
37	72
37	79
37	88
37	94
37	96
37	97
38	51
38	54
38	63
38	64
38	67
38	68
38	70
38	71
38	76
38	82
38	91
38	95
38	96
38	98
39	44
39	52
39	54
39	55
39	56
39	57
39	58
39	65
39	70
39	72
39	73
39	81
39	89
39	94
39	99
40	48
40	59
40	61
40	66
40	67
40	74
40	84
40	86
40	88
40	92
40	96
40	99
41	45
41	47
41	72
41	76
41	78
41	80
41	83
41	89
41	90
41	95
41	97
41	98
42	46
42	55
42	60
42	68
42	72
42	81
42	92
42	99
43	45
43	53
43	57
43	69
43	71
43	72
43	80
43	85
43	89
43	92
44	53
44	56
44	57
44	73
44	74
44	76
44	79
44	85
44	86
44	91
44	98
45	50
45	52
45	57
45	67
45	71
45	73
45	85
45	88
45	92
45	99
46	53
46	59
46	61
46	71
46	84
46	86
46	90
46	96
46	99
47	56
47	68
47	96
48	58
48	59
48	62
48	63
48	66
48	68
48	72
48	81
48	94
48	96
48	99
49	57
49	64
49	75
49	87
50	51
50	60
50	68
50	69
50	70
50	72
50	73
50	76
50	77
50	78
50	94
50	97
51	54
51	59
51	73
51	79
51	80
51	81
51	86
51	90
51	92
51	97
52	60
52	68
52	69
52	78
52	88
52	91
52	92
52	96
53	57
53	59
53	70
53	71
53	72
53	73
53	78
53	82
53	88
53	91
53	94
53	95
54	55
54	56
54	70
54	76
54	77
54	89
54	95
54	96
54	97
55	56
55	57
55	62
55	67
55	69
55	70
55	78
55	83
55	84
55	92
55	96
55	97
56	57
56	70
56	71
56	79
56	83
56	95
56	96
56	97
56	98
57	61
57	72
57	77
57	80
57	84
57	87
57	95
57	98
58	60
58	66
58	68
58	69
58	92
58	99
59	60
59	64
59	68
59	78
59	80
59	91
59	97
60	64
60	65
60	69
60	72
60	81
60	83
60	91
61	65
61	70
61	71
61	74
61	76
61	79
61	80
61	87
61	88
61	99
62	64
62	67
62	73
62	80
62	88
62	94
62	96
63	65
63	66
63	72
63	76
63	81
63	82
63	83
63	89
63	90
63	96
63	98
64	77
64	81
64	83
64	95
65	81
65	87
65	89
65	94
66	75
66	79
66	87
67	68
67	76
67	82
67	87
67	88
67	92
67	95
68	75
68	78
68	81
68	88
68	90
68	95
69	77
69	78
69	81
69	82
69	84
69	88
69	97
69	98
69	99
70	83
70	93
70	98
70	99
71	73
71	80
71	85
71	90
71	93
72	75
72	78
72	79
72	85
72	96
72	98
72	99
73	76
73	79
73	90
73	95
74	75
74	76
74	83
74	91
74	93
74	95
74	98
75	77
75	79
75	86
75	87
75	88
75	89
76	77
76	88
76	89
77	78
77	82
77	86
77	89
77	91
78	83
78	86
78	89
78	92
79	81
79	84
79	89
79	90
79	95
79	97
80	92
80	97
80	98
81	85
81	86
81	88
81	90
81	99
82	83
82	88
82	94
82	95
82	97
83	96
84	90
84	95
84	96
84	97
84	99
85	89
87	88
87	95
88	90
88	91
88	92
88	95
88	96
89	92
89	93
89	98
90	92
90	96
91	92
91	94
91	99
92	93
93	95
94	99
95	99
96	97
96	99
